,state_code,decide_close_days,file_closing_days,file_reach_days
0,Andhra Pradesh,0.383441143468618,566.131398456024,153.590986984667
1,Assam,0.651917653668724,395.25922277144,131.512860795979
2,Bihar,4.22333266991507,559.373441870937,213.92239391917
3,Chandigarh,6.58041625314574,403.609485275647,56.54032948215
4,Chattisgarh,3.35245317840417,491.203826456793,140.66733878615
5,DNH at silvasa,0.139169612153142,504.346353676031,38.344367425173
6,Delhi,4.43002602459243,436.222947885362,57.3293670427308
7,Diu and daman,0.002064406941736,301.861930222254,33.0034730591541
8,Goa,8.00690473296348,289.139825284329,69.3457905245791
9,Gujarath,1.64466024102025,382.203462511621,115.301331161304
10,Haryana,1.30353057252293,397.839030308432,85.2904407254839
11,Himachal Pradesh,0.662239716592015,398.782048900956,87.6754089174007
12,Jammu and kashmir,0.23542848167988,456.869972503461,204.525652647431
13,Jharkhand,1.36897015649618,494.605736933743,162.409722895952
14,Karnataka,5.03996992185583,377.458003497424,89.3546780298862
15,Kerala,2.72834298828371,408.838760962186,121.968009705372
16,Ladakh,0,1359.48169099167,1064.00670650852
17,Madhya Pradesh,4.30846493733841,407.348514608987,125.318009021735
18,Maharashtra,1.37358594823499,473.809737886666,50.0868091211979
19,Manipur,0.415960785166738,384.024305999623,146.864875754002
20,Meghalaya,0.16282070923114,293.717628649392,39.0477243423556
21,Mizoram,0.002237591537836,308.8966915112,174.667693030802
22,Orissa,4.0708020443758,606.763793209831,283.172644315914
23,Punjab,0.68962405966705,395.594503647243,67.9573217298847
24,Rajasthan,1.9728074320466,488.214902474346,147.42036563562
25,Sikkim,0.613999436227809,211.009946118414,86.9436820631404
26,Tamilnadu,0.99496027163448,468.038129921457,117.94817075145
27,Telangana,0.485975483026828,520.492222704534,138.365428116038
28,Tripura,0.362557812482424,436.729510229461,84.3119034574464
29,Uttar pradesh,7.36126410508951,457.70202209963,157.763713898516
30,Uttarakhand,3.26433210196664,375.669683009162,123.310484640488
31,West Bengal,1.34977177710022,500.376341241426,200.058693114713
